0 -6.0138e-05 -6.60811e-06 0 -0 0 -0.0156201 0.45694 3.37701e-09 0 -0 0 3.16662e-05 -59.8573 119.782 -59.9089 0.00500105
0.1 -0.000180243 -1.99384e-05 0 -0 0 -0.0469515 0.457939 1.47876e-07 0 -0 0 3.54479e-05 -59.5719 119.345 -59.7264 0.00999078
0.2 -0.000300139 -3.34236e-05 0 -0 0 -0.0784102 0.458937 4.20887e-07 0 -0 0 -8.32908e-05 -59.2862 118.908 -59.5437 0.00997703
0.3 -0.000419963 -4.70554e-05 0 -0 0 -0.109992 0.459935 6.88581e-07 0 -0 0 -0.000200279 -59.0003 118.47 -59.3603 0.00997684
0.4 -0.000539717 -6.08344e-05 0 -0 0 -0.141697 0.460932 9.48579e-07 0 -0 0 -0.000316408 -58.714 118.031 -59.176 0.00997659
0.5 -0.000659399 -7.47614e-05 0 -0 0 -0.173529 0.46193 1.20101e-06 0 -0 0 -0.00043169 -58.4273 117.591 -58.9909 0.00997633
0.6 -0.000779013 -8.88372e-05 0 -0 0 -0.205488 0.462927 1.446e-06 0 -0 0 -0.000546141 -58.1403 117.15 -58.8051 0.00997607
0.7 -0.000898557 -0.000103063 0 -0 0 -0.237576 0.463925 1.68369e-06 0 -0 0 -0.000659776 -57.8529 116.708 -58.6185 0.00997581
0.8 -0.00101803 -0.000117439 0 -0 0 -0.269795 0.464923 1.9142e-06 0 -0 0 -0.00077261 -57.565 116.265 -58.431 0.00997554
0.9 -0.00113744 -0.000131967 0 -0 0 -0.302147 0.46592 2.13765e-06 0 -0 0 -0.000884657 -57.2768 115.821 -58.2428 0.00997527
1 -0.00125679 -0.000146647 0 -0 0 -0.334633 0.466918 2.35417e-06 0 -0 0 -0.000995931 -56.9881 115.376 -58.0538 0.009975
1.1 -0.00137607 -0.00016148 0 -0 0 -0.367255 0.467915 2.56386e-06 0 -0 0 -0.00110645 -56.699 114.929 -57.864 0.00997472
1.2 -0.00149528 -0.000176468 0 -0 0 -0.400016 0.468913 2.76684e-06 0 -0 0 -0.00121622 -56.4093 114.482 -57.6735 0.00997444
1.3 -0.00161443 -0.000191611 0 -0 0 -0.432916 0.46991 2.96323e-06 0 -0 0 -0.00132525 -56.1192 114.033 -57.4821 0.00997416
1.4 -0.00173352 -0.00020691 0 -0 0 -0.465957 0.470907 3.15311e-06 0 -0 0 -0.00143357 -55.8286 113.583 -57.2899 0.00997387
1.5 -0.00185254 -0.000222367 0 -0 0 -0.499142 0.471905 3.33661e-06 0 -0 0 -0.00154118 -55.5375 113.132 -57.0969 0.00997358
1.6 -0.00197151 -0.000237982 0 -0 0 -0.532473 0.472902 3.5138e-06 0 -0 0 -0.00164809 -55.2459 112.68 -56.9031 0.00997328
1.7 -0.00209041 -0.000253757 0 -0 0 -0.56595 0.473899 3.6848e-06 0 -0 0 -0.00175432 -54.9537 112.226 -56.7085 0.00997298
1.8 -0.00220925 -0.000269692 0 -0 0 -0.599577 0.474897 3.84969e-06 0 -0 0 -0.00185988 -54.6609 111.772 -56.5132 0.00997268
1.9 -0.00232803 -0.00028579 0 -0 0 -0.633354 0.475894 4.00857e-06 0 -0 0 -0.00196477 -54.3675 111.316 -56.3169 0.00997237
2 -0.00244675 -0.00030205 0 -0 0 -0.667285 0.476891 4.16151e-06 0 -0 0 -0.00206901 -54.0736 110.859 -56.1199 0.00997206
2.1 -0.00256541 -0.000318475 0 -0 0 -0.701371 0.477888 4.30861e-06 0 -0 0 -0.00217261 -53.779 110.4 -55.9221 0.00997174
2.2 -0.00268402 -0.000335065 0 -0 0 -0.735613 0.478885 4.44995e-06 0 -0 0 -0.00227558 -53.4838 109.941 -55.7234 0.00997142
2.3 -0.00280257 -0.000351821 0 -0 0 -0.770015 0.479882 4.5856e-06 0 -0 0 -0.00237792 -53.188 109.48 -55.524 0.0099711
2.4 -0.00292105 -0.000368746 0 -0 0 -0.804577 0.48088 4.71565e-06 0 -0 0 -0.00247966 -52.8915 109.017 -55.3236 0.00997077
2.5 -0.00303949 -0.00038584 0 -0 0 -0.839303 0.481877 4.84017e-06 0 -0 0 -0.00258079 -52.5943 108.553 -55.1225 0.00997043
2.6 -0.00315786 -0.000403105 0 -0 0 -0.874195 0.482874 4.95922e-06 0 -0 0 -0.00268132 -52.2964 108.088 -54.9205 0.0099701
2.7 -0.00327618 -0.000420541 0 -0 0 -0.909253 0.483871 5.07289e-06 0 -0 0 -0.00278127 -51.9978 107.622 -54.7177 0.00996975
2.8 -0.00339444 -0.000438152 0 -0 0 -0.944482 0.484868 5.18123e-06 0 -0 0 -0.00288064 -51.6984 107.154 -54.514 0.0099694
2.9 -0.00351265 -0.000455937 0 -0 0 -0.979882 0.485864 5.28431e-06 0 -0 0 -0.00297944 -51.3983 106.685 -54.3094 0.00996905
3 -0.0036308 -0.000473898 0 -0 0 -1.01546 0.486861 5.3822e-06 0 -0 0 -0.00307768 -51.0975 106.214 -54.104 0.00996869
3.1 -0.0037489 -0.000492038 0 -0 0 -1.05121 0.487858 5.47495e-06 0 -0 0 -0.00317536 -50.7958 105.742 -53.8978 0.00996832
3.2 -0.00386694 -0.000510357 0 -0 0 -1.08714 0.488855 5.56262e-06 0 -0 0 -0.00327249 -50.4934 105.268 -53.6906 0.00996795
3.3 -0.00398493 -0.000528857 0 -0 0 -1.12325 0.489852 5.64528e-06 0 -0 0 -0.00336909 -50.1901 104.793 -53.4826 0.00996757
3.4 -0.00410287 -0.00054754 0 -0 0 -1.15954 0.490848 5.72296e-06 0 -0 0 -0.00346515 -49.886 104.316 -53.2736 0.00996719
3.5 -0.00422075 -0.000566407 0 -0 0 -1.19603 0.491845 5.79574e-06 0 -0 0 -0.00356068 -49.581 103.837 -53.0638 0.0099668
3.6 -0.00433857 -0.00058546 0 -0 0 -1.2327 0.492842 5.86365e-06 0 -0 0 -0.00365569 -49.2752 103.357 -52.8531 0.0099664
3.7 -0.00445634 -0.000604701 0 -0 0 -1.26956 0.493838 5.92674e-06 0 -0 0 -0.00375018 -48.9685 102.876 -52.6414 0.009966
3.8 -0.00457406 -0.000624132 0 -0 0 -1.30661 0.494835 5.98506e-06 0 -0 0 -0.00384416 -48.6608 102.392 -52.4289 0.00996559
3.9 -0.00469173 -0.000643754 0 -0 0 -1.34386 0.495831 6.03866e-06 0 -0 0 -0.00393764 -48.3522 101.908 -52.2154 0.00996517
4 -0.00480934 -0.00066357 0 -0 0 -1.38131 0.496828 6.08758e-06 0 -0 0 -0.00403062 -48.0426 101.421 -52.0009 0.00996475
4.1 -0.0049269 -0.00068358 0 -0 0 -1.41897 0.497824 6.13185e-06 0 -0 0 -0.0041231 -47.7321 100.933 -51.7856 0.00996432
4.2 -0.00504441 -0.000703789 0 -0 0 -1.45683 0.498821 6.17153e-06 0 -0 0 -0.00421509 -47.4206 100.442 -51.5692 0.00996388
4.3 -0.00516186 -0.000724196 0 -0 0 -1.49489 0.499817 6.20663e-06 0 -0 0 -0.0043066 -47.108 99.9505 -51.3519 0.00996344
4.4 -0.00527927 -0.000744805 0 -0 0 -1.53317 0.500813 6.23721e-06 0 -0 0 -0.00439762 -46.7944 99.4568 -51.1336 0.00996298
4.5 -0.00539661 -0.000765617 0 -0 0 -1.57166 0.50181 6.26328e-06 0 -0 0 -0.00448816 -46.4798 98.9612 -50.9143 0.00996252
4.6 -0.00551391 -0.000786634 0 -0 0 -1.61037 0.502806 6.2849e-06 0 -0 0 -0.00457823 -46.164 98.4638 -50.694 0.00996205
4.7 -0.00563115 -0.00080786 0 -0 0 -1.64929 0.503802 6.30207e-06 0 -0 0 -0.00466782 -45.8472 97.9645 -50.4727 0.00996157
4.8 -0.00574834 -0.000829296 0 -0 0 -1.68845 0.504798 6.31484e-06 0 -0 0 -0.00475695 -45.5292 97.4633 -50.2504 0.00996108
4.9 -0.00586548 -0.000850944 0 -0 0 -1.72782 0.505794 6.32322e-06 0 -0 0 -0.0048456 -45.2101 96.96 -50.027 0.00996059
5 -0.00598256 -0.000872807 0 -0 0 -1.76743 0.50679 6.32725e-06 0 -0 0 -0.0049338 -44.8898 96.4548 -49.8026 0.00996008
5.1 -0.00609959 -0.000894888 0 -0 0 -1.80727 0.507786 6.32694e-06 0 -0 0 -0.00502152 -44.5683 95.9476 -49.5771 0.00995957
5.2 -0.00621657 -0.000917188 0 -0 0 -1.84735 0.508782 6.32232e-06 0 -0 0 -0.00510879 -44.2455 95.4383 -49.3505 0.00995904
5.3 -0.0063335 -0.000939711 0 -0 0 -1.88767 0.509778 6.3134e-06 0 -0 0 -0.0051956 -43.9215 94.9268 -49.1228 0.0099585
5.4 -0.00645037 -0.000962459 0 -0 0 -1.92823 0.510774 6.3002e-06 0 -0 0 -0.00528195 -43.5962 94.4133 -48.8941 0.00995796
5.5 -0.00656719 -0.000985436 0 -0 0 -1.96904 0.511769 6.28274e-06 0 -0 0 -0.00536784 -43.2697 93.8975 -48.6642 0.0099574
5.6 -0.00668395 -0.00100864 0 -0 0 -2.0101 0.512765 6.26103e-06 0 -0 0 -0.00545327 -42.9417 93.3796 -48.4332 0.00995683
5.7 -0.00680066 -0.00103208 0 -0 0 -2.05142 0.513761 6.23508e-06 0 -0 0 -0.00553824 -42.6125 92.8593 -48.201 0.00995625
5.8 -0.00691731 -0.00105576 0 -0 0 -2.093 0.514756 6.20491e-06 0 -0 0 -0.00562276 -42.2818 92.3368 -47.9676 0.00995566
5.9 -0.00703391 -0.00107968 0 -0 0 -2.13484 0.515752 6.17052e-06 0 -0 0 -0.00570681 -41.9497 91.812 -47.7331 0.00995505
6 -0.00715046 -0.00110384 0 -0 0 -2.17695 0.516747 6.13192e-06 0 -0 0 -0.00579041 -41.6162 91.2847 -47.4974 0.00995444
6.1 -0.00726695 -0.00112824 0 -0 0 -2.21933 0.517743 6.0891e-06 0 -0 0 -0.00587354 -41.2812 90.755 -47.2604 0.00995381
6.2 -0.00738338 -0.0011529 0 -0 0 -2.26199 0.518738 6.04208e-06 0 -0 0 -0.0059562 -40.9447 90.2229 -47.0222 0.00995316
6.3 -0.00749976 -0.0011778 0 -0 0 -2.30493 0.519733 5.99086e-06 0 -0 0 -0.0060384 -40.6066 89.6882 -46.7827 0.0099525
6.4 -0.00761608 -0.00120297 0 -0 0 -2.34816 0.520728 5.93543e-06 0 -0 0 -0.00612012 -40.2669 89.151 -46.542 0.00995183
6.5 -0.00773235 -0.00122839 0 -0 0 -2.39168 0.521723 5.87578e-06 0 -0 0 -0.00620137 -39.9257 88.6111 -46.3 0.00995114
6.6 -0.00784856 -0.00125408 0 -0 0 -2.4355 0.522718 5.81192e-06 0 -0 0 -0.00628214 -39.5828 88.0686 -46.0566 0.00995044
6.7 -0.00796471 -0.00128003 0 -0 0 -2.47962 0.523713 5.74384e-06 0 -0 0 -0.00636243 -39.2382 87.5234 -45.8119 0.00994972
6.8 -0.0080808 -0.00130626 0 -0 0 -2.52405 0.524708 5.67152e-06 0 -0 0 -0.00644223 -38.8919 86.9753 -45.5658 0.00994898
6.9 -0.00819683 -0.00133276 0 -0 0 -2.56879 0.525703 5.59496e-06 0 -0 0 -0.00652153 -38.5439 86.4245 -45.3184 0.00994822
7 -0.00831281 -0.00135954 0 -0 0 -2.61384 0.526698 5.51413e-06 0 -0 0 -0.00660033 -38.194 85.8707 -45.0695 0.00994745
7.1 -0.00842872 -0.0013866 0 -0 0 -2.65923 0.527693 5.42902e-06 0 -0 0 -0.00667862 -37.8423 85.314 -44.8191 0.00994666
7.2 -0.00854457 -0.00141396 0 -0 0 -2.70494 0.528687 5.33962e-06 0 -0 0 -0.00675639 -37.4888 84.7543 -44.5674 0.00994585
7.3 -0.00866036 -0.0014416 0 -0 0 -2.75099 0.529682 5.2459e-06 0 -0 0 -0.00683363 -37.1333 84.1915 -44.3141 0.00994502
7.4 -0.00877609 -0.00146955 0 -0 0 -2.79738 0.530676 5.14783e-06 0 -0 0 -0.00691034 -36.7759 83.6256 -44.0593 0.00994416
7.5 -0.00889176 -0.0014978 0 -0 0 -2.84412 0.53167 5.0454e-06 0 -0 0 -0.0069865 -36.4164 83.0565 -43.8029 0.00994329
7.6 -0.00900736 -0.00152635 0 -0 0 -2.89122 0.532665 4.93856e-06 0 -0 0 -0.0070621 -36.0549 82.4841 -43.545 0.00994239
7.7 -0.0091229 -0.00155522 0 -0 0 -2.93868 0.533659 4.82729e-06 0 -0 0 -0.00713712 -35.6913 81.9083 -43.2854 0.00994147
7.8 -0.00923837 -0.0015844 0 -0 0 -2.98651 0.534653 4.71154e-06 0 -0 0 -0.00721156 -35.3256 81.3291 -43.0243 0.00994053
7.9 -0.00935378 -0.00161391 0 -0 0 -3.03472 0.535647 4.59129e-06 0 -0 0 -0.0072854 -34.9576 80.7464 -42.7614 0.00993956
8 -0.00946912 -0.00164375 0 -0 0 -3.08331 0.536641 4.46649e-06 0 -0 0 -0.00735862 -34.5874 80.1602 -42.4968 0.00993856
8.1 -0.00958439 -0.00167393 0 -0 0 -3.1323 0.537634 4.33709e-06 0 -0 0 -0.00743121 -34.2149 79.5703 -42.2305 0.00993753
8.2 -0.00969959 -0.00170445 0 -0 0 -3.18169 0.538628 4.20304e-06 0 -0 0 -0.00750314 -33.84 78.9766 -41.9624 0.00993648
8.3 -0.00981472 -0.00173532 0 -0 0 -3.23149 0.539622 4.0643e-06 0 -0 0 -0.00757439 -33.4627 78.3791 -41.6925 0.00993539
8.4 -0.00992978 -0.00176654 0 -0 0 -3.28171 0.540615 3.92079e-06 0 -0 0 -0.00764495 -33.0829 77.7776 -41.4207 0.00993427
8.5 -0.0100448 -0.00179812 0 -0 0 -3.33236 0.541608 3.77247e-06 0 -0 0 -0.00771479 -32.7005 77.1722 -41.147 0.00993312
8.6 -0.0101597 -0.00183008 0 -0 0 -3.38345 0.542602 3.61927e-06 0 -0 0 -0.00778387 -32.3156 76.5626 -40.8713 0.00993194
8.7 -0.0102745 -0.00186241 0 -0 0 -3.43499 0.543595 3.46112e-06 0 -0 0 -0.00785218 -31.9279 75.9488 -40.5937 0.00993071
8.8 -0.0103893 -0.00189512 0 -0 0 -3.48699 0.544588 3.29793e-06 0 -0 0 -0.00791969 -31.5375 75.3306 -40.314 0.00992945
8.9 -0.010504 -0.00192823 0 -0 0 -3.53946 0.54558 3.12964e-06 0 -0 0 -0.00798635 -31.1443 74.708 -40.0322 0.00992815
9 -0.0106186 -0.00196174 0 -0 0 -3.59241 0.546573 2.95616e-06 0 -0 0 -0.00805214 -30.7482 74.0809 -39.7483 0.00992681
9.1 -0.0107331 -0.00199566 0 -0 0 -3.64585 0.547566 2.7774e-06 0 -0 0 -0.00811702 -30.349 73.449 -39.4622 0.00992543
9.2 -0.0108475 -0.00203 0 -0 0 -3.6998 0.548558 2.59325e-06 0 -0 0 -0.00818094 -29.9468 72.8124 -39.1739 0.00992399
9.3 -0.0109618 -0.00206477 0 -0 0 -3.75426 0.54955 2.40362e-06 0 -0 0 -0.00824386 -29.5415 72.1708 -38.8832 0.00992251
9.4 -0.0110761 -0.00209998 0 -0 0 -3.80926 0.550542 2.2084e-06 0 -0 0 -0.00830574 -29.1329 71.5241 -38.5902 0.00992098
9.5 -0.0111903 -0.00213564 0 -0 0 -3.8648 0.551534 2.00747e-06 0 -0 0 -0.00836651 -28.721 70.8722 -38.2947 0.00991939
9.6 -0.0113044 -0.00217176 0 -0 0 -3.92091 0.552526 1.80071e-06 0 -0 0 -0.00842612 -28.3056 70.2149 -37.9968 0.00991775
9.7 -0.0114183 -0.00220835 0 -0 0 -3.97758 0.553518 1.58798e-06 0 -0 0 -0.00848451 -27.8867 69.5521 -37.6963 0.00991605
9.8 -0.0115322 -0.00224542 0 -0 0 -4.03485 0.554509 1.36913e-06 0 -0 0 -0.00854162 -27.4642 68.8836 -37.3931 0.00991428
9.9 -0.011646 -0.00228299 0 -0 0 -4.09273 0.5555 1.14403e-06 0 -0 0 -0.00859736 -27.0379 68.2092 -37.0872 0.00991245
10 -0.0117597 -0.00232106 0 -0 0 -4.15123 0.556491 9.12509e-07 0 -0 0 -0.00865167 -26.6077 67.5288 -36.7785 0.00991054
10.1 -0.0118733 -0.00235967 0 -0 0 -4.21037 0.557482 6.74391e-07 0 -0 0 -0.00870444 -26.1735 66.8421 -36.467 0.00990856
10.2 -0.0119868 -0.0023988 0 -0 0 -4.27018 0.558473 4.29496e-07 0 -0 0 -0.0087556 -25.7352 66.149 -36.1524 0.0099065
10.3 -0.0121001 -0.00243849 0 -0 0 -4.33067 0.559463 1.77627e-07 0 -0 0 -0.00880502 -25.2926 65.4493 -35.8348 0.00990436
10.4 -0.0122134 -0.00247875 0 -0 0 -4.39186 0.560454 -8.14267e-08 0 -0 0 -0.00885261 -24.8456 64.7427 -35.5141 0.00990212
10.5 -0.0123265 -0.0025196 0 -0 0 -4.45378 0.561444 -3.47889e-07 0 -0 0 -0.00889824 -24.394 64.0289 -35.19 0.00989979
10.6 -0.0124395 -0.00256104 0 -0 0 -4.51645 0.562433 -6.22e-07 0 -0 0 -0.00894178 -23.9377 63.3079 -34.8626 0.00989736
10.7 -0.0125524 -0.00260311 0 -0 0 -4.57989 0.563423 -9.04018e-07 0 -0 0 -0.00898306 -23.4765 62.5792 -34.5318 0.00989482
10.8 -0.0126651 -0.00264582 0 -0 0 -4.64414 0.564412 -1.19422e-06 0 -0 0 -0.00902194 -23.0102 61.8426 -34.1973 0.00989216
10.9 -0.0127777 -0.00268919 0 -0 0 -4.70921 0.565401 -1.4929e-06 0 -0 0 -0.00905823 -22.5387 61.0978 -33.859 0.00988937
11 -0.0128902 -0.00273325 0 -0 0 -4.77514 0.56639 -1.80039e-06 0 -0 0 -0.00909172 -22.0617 60.3446 -33.5169 0.00988645
11.1 -0.0130025 -0.00277802 0 -0 0 -4.84197 0.567378 -2.11702e-06 0 -0 0 -0.00912221 -21.579 59.5825 -33.1707 0.00988339
11.2 -0.0131147 -0.00282352 0 -0 0 -4.90972 0.568366 -2.44317e-06 0 -0 0 -0.00914945 -21.0903 58.8113 -32.8204 0.00988017
11.3 -0.0132267 -0.00286978 0 -0 0 -4.97843 0.569354 -2.77924e-06 0 -0 0 -0.00917317 -20.5956 58.0305 -32.4657 0.00987678
11.4 -0.0133386 -0.00291683 0 -0 0 -5.04814 0.570341 -3.12566e-06 0 -0 0 -0.00919306 -20.0944 57.2398 -32.1065 0.00987322
11.5 -0.0134502 -0.00296469 0 -0 0 -5.11888 0.571328 -3.4829e-06 0 -0 0 -0.00920879 -19.5865 56.4386 -31.7425 0.00986945
11.6 -0.0135617 -0.00301341 0 -0 0 -5.19071 0.572314 -3.85148e-06 0 -0 0 -0.00921998 -19.0716 55.6267 -31.3736 0.00986548
11.7 -0.0136731 -0.00306302 0 -0 0 -5.26367 0.573301 -4.23194e-06 0 -0 0 -0.00922621 -18.5494 54.8035 -30.9996 0.00986127
11.8 -0.0137842 -0.00311355 0 -0 0 -5.33781 0.574286 -4.6249e-06 0 -0 0 -0.00922701 -18.0195 53.9683 -30.6202 0.00985681
11.9 -0.0138951 -0.00316505 0 -0 0 -5.41318 0.575271 -5.03101e-06 0 -0 0 -0.00922183 -17.4817 53.1208 -30.2352 0.00985208
12 -0.0140058 -0.00321755 0 -0 0 -5.48984 0.576256 -5.451e-06 0 -0 0 -0.00921008 -16.9354 52.2603 -29.8443 0.00984704
12.1 -0.0141163 -0.00327111 0 -0 0 -5.56787 0.57724 -5.88565e-06 0 -0 0 -0.00919106 -16.3802 51.386 -29.4471 0.00984167
12.2 -0.0142265 -0.00332578 0 -0 0 -5.64731 0.578224 -6.33586e-06 0 -0 0 -0.00916398 -15.8157 50.4973 -29.0435 0.00983594
12.3 -0.0143364 -0.00338161 0 -0 0 -5.72826 0.579207 -6.80257e-06 0 -0 0 -0.00912794 -15.2414 49.5934 -28.6329 0.0098298
12.4 -0.0144461 -0.00343867 0 -0 0 -5.81078 0.580189 -7.28685e-06 0 -0 0 -0.0090819 -14.6566 48.6735 -28.2151 0.00982322
12.5 -0.0145556 -0.00349702 0 -0 0 -5.89498 0.581171 -7.78989e-06 0 -0 0 -0.00902467 -14.0609 47.7365 -27.7897 0.00981613
12.6 -0.0146647 -0.00355673 0 -0 0 -5.98095 0.582152 -8.31302e-06 0 -0 0 -0.00895485 -13.4534 46.7814 -27.356 0.00980848
12.7 -0.0147735 -0.00361789 0 -0 0 -6.06879 0.583132 -8.85769e-06 0 -0 0 -0.00887083 -12.8335 45.8072 -26.9137 0.00980021
12.8 -0.0148819 -0.00368058 0 -0 0 -6.15863 0.584111 -9.42558e-06 0 -0 0 -0.00877069 -12.2004 44.8125 -26.4622 0.00979123
12.9 -0.0149899 -0.0037449 0 -0 0 -6.25061 0.585089 -1.00185e-05 0 -0 0 -0.00865219 -11.5531 43.7959 -26.0008 0.00978145
13 -0.0150976 -0.00381097 0 -0 0 -6.34486 0.586066 -1.06387e-05 0 -0 0 -0.00851266 -10.8906 42.7558 -25.5289 0.00977075
13.1 -0.0152048 -0.0038789 0 -0 0 -6.44156 0.587042 -1.12885e-05 0 -0 0 -0.00834889 -10.2117 41.6905 -25.0456 0.00975901
13.2 -0.0153116 -0.00394885 0 -0 0 -6.54089 0.588016 -1.19707e-05 0 -0 0 -0.00815703 -9.5152 40.598 -24.5501 0.00974605
13.3 -0.0154178 -0.00402096 0 -0 0 -6.64308 0.58899 -1.26884e-05 0 -0 0 -0.00793237 -8.79957 39.476 -24.0413 0.00973168
13.4 -0.0155234 -0.00409543 0 -0 0 -6.74836 0.589961 -1.34455e-05 0 -0 0 -0.00766915 -8.06312 38.3219 -23.5181 0.00971566
13.5 -0.0156285 -0.00417245 0 -0 0 -6.85702 0.590931 -1.42461e-05 0 -0 0 -0.00736019 -7.3039 37.1326 -22.9791 0.00969769
13.6 -0.0157328 -0.00425228 0 -0 0 -6.96938 0.591899 -1.50954e-05 0 -0 0 -0.00699651 -6.51965 35.9048 -22.4228 0.00967739
13.7 -0.0158364 -0.0043352 0 -0 0 -7.08584 0.592864 -1.59996e-05 0 -0 0 -0.00656665 -5.7077 34.6343 -21.8473 0.00965428
13.8 -0.015939 -0.00442154 0 -0 0 -7.20684 0.593827 -1.69658e-05 0 -0 0 -0.00605583 -4.8649 33.3161 -21.2504 0.00962772
13.9 -0.0160407 -0.00451171 0 -0 0 -7.33294 0.594787 -1.8003e-05 0 -0 0 -0.00544465 -3.98746 31.9446 -20.6296 0.0095969
14 -0.0161413 -0.00460621 0 -0 0 -7.4648 0.595743 -1.91221e-05 0 -0 0 -0.00470715 -3.07076 30.5125 -19.9817 0.00956071
14.1 -0.0162405 -0.00470565 0 -0 0 -7.60324 0.596694 -2.03368e-05 0 -0 0 -0.00380784 -2.10908 29.0111 -19.3026 0.00951761
14.2 -0.0163381 -0.00481078 0 -0 0 -7.74929 0.597641 -2.16645e-05 0 -0 0 -0.00269692 -1.09521 27.4292 -18.5874 0.00946544
14.3 -0.0164339 -0.00492261 0 -0 0 -7.90431 0.598581 -2.31277e-05 0 -0 0 -0.00130237 -0.0198115 25.7524 -17.8296 0.00940102
14.4 -0.0165273 -0.00504245 0 -0 0 -8.07006 0.599513 -2.47565e-05 0 -0 0 0.000483875 1.1295 23.9617 -17.0206 0.00931953
14.5 -0.0166178 -0.0051721 0 -0 0 -8.24899 0.600434 -2.65917e-05 0 -0 0 0.00283152 2.3698 22.0305 -16.1485 0.00921321
14.6 -0.0167045 -0.00531416 0 -0 0 -8.44461 0.601341 -2.86909e-05 0 -0 0 0.00602272 3.7257 19.9209 -15.196 0.00906887
14.7 -0.0167859 -0.00547261 0 -0 0 -8.66228 0.602227 -3.11382e-05 0 -0 0 0.0105634 5.2349 17.5746 -14.1366 0.00886211
14.8 -0.0168595 -0.00565405 0 -0 0 -8.91095 0.603082 -3.40615e-05 0 -0 0 0.0174598 6.96034 14.894 -12.9259 0.00854229
14.9 -0.0169202 -0.00587102 0 -0 0 -9.20752 0.60388 -3.76609e-05 0 -0 0 0.0290468 9.02172 11.6933 -11.4784 0.00798481
15 -0.0169549 -0.00615334 0 -0 0 -9.59224 0.604558 -4.2214e-05 0 -0 0 0.0523503 11.7052 7.52744 -9.58802 0.00677913
15.1 -0.0169013 -0.00662294 0 -0 0 -10.2294 0.604779 -4.709e-05 0 -0 0 0.125519 16.1882 0.558506 -6.39186 0.002213
15.2 -0.0169549 -0.00631337 0 -0 0 -9.80136 0.604763 -8.11339e-05 0 -0 0 0.164106 13.2784 4.96105 -8.27396 -0.000168986
15.3 -0.016904 -0.00637302 0 -0 0 -9.90867 0.604479 -0.000239669 0 -0 0 -0.500801 13.6248 5.00673 -9.22365 -0.00283206
15.4 -0.016236 -0.00769021 0 -0 0 -11.7521 0.601199 -0.000437659 0 -0 0 -1.49676 25.8962 -12.8607 -2.78015 -0.0328067
15.5 -0.0155308 -0.00827861 0 -0 0 -12.5485 0.596896 -0.000648041 0 -0 0 -1.55701 31.7837 -21.8705 1.07822 -0.043027
15.6 -0.0155024 -0.00821801 0 -0 0 -12.4239 0.597123 -0.000751524 0 -0 0 -1.0536 31.5059 -22.0894 1.95369 0.00227058
15.7 -0.0155835 -0.00810334 0 -0 0 -12.2633 0.59813 -0.000686362 0 -0 0 -1.02956 30.4069 -20.4527 1.2795 0.0100748
15.8 -0.0156634 -0.00798299 0 -0 0 -12.0958 0.599121 -0.000627719 0 -0 0 -1.02366 29.2514 -18.7136 0.534328 0.00990279
15.9 -0.0157438 -0.00785339 0 -0 0 -11.9158 0.600101 -0.00056935 0 -0 0 -1.01795 28.0111 -16.8436 -0.269716 0.00980656
16 -0.0158244 -0.00771228 0 -0 0 -11.7202 0.601069 -0.000511376 0 -0 0 -1.01222 26.6649 -14.8101 -1.14673 0.00967344
16.1 -0.0159052 -0.00755618 0 -0 0 -11.5044 0.602017 -0.000453901 0 -0 0 -1.00639 25.1803 -12.5635 -2.11877 0.00948661
16.2 -0.0159861 -0.00737952 0 -0 0 -11.2607 0.602938 -0.000397073 0 -0 0 -1.00026 23.5052 -10.0236 -3.2212 0.00920575
16.3 -0.0160664 -0.00717225 0 -0 0 -10.9754 0.603812 -0.000341102 0 -0 0 -0.993161 21.5454 -7.04587 -4.51735 0.00873945
16.4 -0.0161446 -0.00691256 0 -0 0 -10.6185 0.604594 -0.000286162 0 -0 0 -0.982498 19.0968 -3.31833 -6.14249 0.00782494
16.5 -0.016212 -0.00653129 0 -0 0 -10.0947 0.605121 -0.000230701 0 -0 0 -0.951119 15.5143 2.1378 -8.5085 0.00526416
16.6 -0.0155086 -0.00449848 0 -0 0 -7.17679 0.598307 0.000376724 0 -0 0 1.62373 -2.77251 27.9583 -16.3853 -0.0681386
16.7 -0.0128544 -0.00281585 0 -0 0 -4.72848 0.575996 0.00115074 0 -0 0 2.54739 -19.4253 53.2535 -26.5523 -0.223114
16.8 -0.0111695 -0.0027268 0 -0 0 -4.72586 0.561592 0.000448399 0 -0 0 -2.788 -22.6664 63.9019 -39.2976 -0.144035
16.9 -0.0106397 -0.00267699 0 -0 0 -4.61673 0.558572 -0.000598451 0 -0 0 -4.42608 -23.3638 65.9183 -42.3639 -0.0301992
17 -0.0105017 -0.00270103 0 -0 0 -4.6289 0.559488 -0.000312747 0 -0 0 -4.53654 -22.99 65.393 -42.3106 0.00915737
17.1 -0.0103913 -0.00272878 0 -0 0 -4.64766 0.5607 0.000104938 0 -0 0 -4.49609 -22.5512 64.6816 -41.9789 0.0121254
17.2 -0.0102804 -0.00275698 0 -0 0 -4.66692 0.56191 0.000522604 0 -0 0 -4.45557 -22.1095 63.9653 -41.6445 0.0120913
17.3 -0.0101692 -0.00278578 0 -0 0 -4.6869 0.563118 0.000940098 0 -0 0 -4.41514 -21.6633 63.2416 -41.3065 0.0120871
17.4 -0.0100578 -0.0028152 0 -0 0 -4.70763 0.564326 0.00135742 0 -0 0 -4.37479 -21.2125 62.5102 -40.9649 0.0120821
17.5 -0.00994611 -0.00284525 0 -0 0 -4.72912 0.565534 0.00177456 0 -0 0 -4.33453 -20.7569 61.771 -40.6195 0.0120771
17.6 -0.00983419 -0.00287596 0 -0 0 -4.75141 0.566741 0.00219152 0 -0 0 -4.29437 -20.2964 61.0237 -40.2703 0.012072
17.7 -0.00972201 -0.00290735 0 -0 0 -4.77453 0.567948 0.00260831 0 -0 0 -4.25429 -19.8306 60.2678 -39.9169 0.0120667
17.8 -0.00960956 -0.00293944 0 -0 0 -4.79851 0.569154 0.00302491 0 -0 0 -4.2143 -19.3594 59.5031 -39.5595 0.0120613
17.9 -0.00949683 -0.00297225 0 -0 0 -4.82338 0.57036 0.00344133 0 -0 0 -4.17441 -18.8826 58.7292 -39.1976 0.0120557
18 -0.00938382 -0.00300582 0 -0 0 -4.84917 0.571565 0.00385757 0 -0 0 -4.1346 -18.3999 57.9458 -38.8313 0.01205
18.1 -0.00927052 -0.00304017 0 -0 0 -4.87594 0.572769 0.00427363 0 -0 0 -4.09487 -17.911 57.1524 -38.4603 0.0120442
18.2 -0.00915692 -0.00307532 0 -0 0 -4.9037 0.573973 0.0046895 0 -0 0 -4.05524 -17.4157 56.3486 -38.0845 0.0120381
18.3 -0.00904302 -0.00311133 0 -0 0 -4.93252 0.575176 0.00510519 0 -0 0 -4.01568 -16.9136 55.534 -37.7035 0.0120319
18.4 -0.00892879 -0.0031482 0 -0 0 -4.96244 0.576379 0.00552069 0 -0 0 -3.97622 -16.4045 54.7081 -37.3173 0.0120254
18.5 -0.00881424 -0.00318599 0 -0 0 -4.9935 0.577581 0.00593599 0 -0 0 -3.93683 -15.888 53.8702 -36.9256 0.0120187
18.6 -0.00869934 -0.00322474 0 -0 0 -5.02576 0.578782 0.00635111 0 -0 0 -3.89753 -15.3637 53.02 -36.5281 0.0120117
18.7 -0.00858409 -0.00326449 0 -0 0 -5.05929 0.579982 0.00676603 0 -0 0 -3.85832 -14.8312 52.1566 -36.1245 0.0120044
18.8 -0.00846847 -0.00330528 0 -0 0 -5.09413 0.581182 0.00718076 0 -0 0 -3.81918 -14.29 51.2795 -35.7146 0.0119968
18.9 -0.00835246 -0.00334716 0 -0 0 -5.13037 0.582381 0.00759529 0 -0 0 -3.78012 -13.7398 50.388 -35.298 0.0119889
19 -0.00823605 -0.0033902 0 -0 0 -5.16808 0.583579 0.00800962 0 -0 0 -3.74114 -13.1799 49.4812 -34.8743 0.0119806
19.1 -0.00811922 -0.00343445 0 -0 0 -5.20734 0.584776 0.00842375 0 -0 0 -3.70223 -12.6098 48.5582 -34.4433 0.0119718
19.2 -0.00800195 -0.00347997 0 -0 0 -5.24824 0.585972 0.00883767 0 -0 0 -3.6634 -12.0289 47.6181 -34.0044 0.0119625
19.3 -0.00788422 -0.00352685 0 -0 0 -5.29087 0.587168 0.00925139 0 -0 0 -3.62464 -11.4365 46.6599 -33.5572 0.0119527
19.4 -0.00776599 -0.00357516 0 -0 0 -5.33535 0.588362 0.00966489 0 -0 0 -3.58595 -10.8319 45.6824 -33.1011 0.0119423
19.5 -0.00764724 -0.00362499 0 -0 0 -5.38181 0.589555 0.0100782 0 -0 0 -3.54733 -10.2141 44.6843 -32.6357 0.0119312
19.6 -0.00752794 -0.00367644 0 -0 0 -5.43036 0.590747 0.0104913 0 -0 0 -3.50877 -9.58233 43.6641 -32.1602 0.0119193
19.7 -0.00740805 -0.00372962 0 -0 0 -5.48117 0.591937 0.0109041 0 -0 0 -3.47027 -8.93548 42.6203 -31.6739 0.0119064
19.8 -0.00728753 -0.00378466 0 -0 0 -5.5344 0.593127 0.0113167 0 -0 0 -3.43183 -8.27239 41.5511 -31.1761 0.0118926
19.9 -0.00716633 -0.00384169 0 -0 0 -5.59025 0.594314 0.0117291 0 -0 0 -3.39344 -7.59172 40.4544 -30.6658 0.0118775
20 -0.0070444 -0.00390088 0 -0 0 -5.64892 0.595501 0.0121412 0 -0 0 -3.35509 -6.89199 39.3279 -30.142 0.011861
